spawns:
  default:
    world: 5152abec-8866-4b16-9bd8-743d8099646a
    world-name: world
    x: 276.8779656608376
    y: 65.0
    z: 128.32601935643183
    yaw: -143.70008850097656
    pitch: 27.300024032592773
